20220925084724,16,23
20220925084831,17,22
20220925084833,16,23
20220925092853,16,24
20220925092855,16,23
20220925093123,16,26
20220925093125,16,23
20220925093129,17,22
20220925093131,16,23
20220925093553,16,26
20220925093555,16,23
20220925093637,16,24
20220925093639,16,23
20220925093657,16,25
20220925093659,16,23
20220925093708,16,26
20220925093710,16,23
20220925093716,16,25
20220925093718,16,23
20220925093756,16,25
20220925093758,16,23
20220925093808,16,29
20220925093810,16,23
20220925093818,16,25
20220925093820,16,23
20220925093839,16,29
20220925093841,16,27
20220925093843,16,23
20220925093849,16,26
20220925093851,16,23
20220925093907,16,26
20220925093909,16,23
20220925093913,17,22
20220925093915,16,23
20220925093923,16,25
20220925093925,16,23
20220925093929,16,25
20220925093931,16,23
20220925094000,16,26
20220925094002,16,23
20220925094012,16,25
20220925094014,16,23
20220925094022,16,27
20220925094024,16,23
20220925094038,16,24
20220925094040,16,23
20220925094052,16,26
20220925094054,16,23
20220925094109,16,26
20220925094111,16,23
20220925094119,16,26
20220925094121,16,23
20220925094125,16,25
20220925094127,16,23
20220925094133,16,25
20220925094135,16,23
20220925094137,16,25
20220925094141,16,23
20220925094147,16,26
20220925094149,16,25
20220925094151,16,23
20220925094155,16,24
20220925094157,16,23
20220925094209,16,25
20220925094211,16,23
20220925094224,16,28
20220925094226,16,23
20220925094236,16,28
20220925094238,16,23
20220925094252,16,25
20220925094254,16,24
20220925094256,16,23
20220925094310,16,26
20220925094312,16,23
20220925094320,16,24
20220925094324,16,25
20220925094326,16,23
20220925094336,16,26
20220925094338,16,25
20220925094340,16,29
20220925094343,16,25
20220925094345,16,23
20220925094347,16,26
20220925094349,16,23
20220925094351,16,25
20220925094353,16,23
20220925094359,16,25
20220925094401,16,24
20220925094403,16,23
20220925094405,16,26
20220925094407,16,23
20220925094413,16,25
20220925094415,16,23
20220925094425,16,24
20220925094429,16,23
20220925094435,16,24
20220925094437,16,23
20220925094439,16,25
20220925094441,16,23
20220925094451,16,28
20220925094453,16,25
20220925094455,16,23
20220925094459,16,26
20220925094502,16,23
20220925094508,16,25
20220925094510,16,23
20220925094512,16,25
20220925094514,16,23
20220925094520,16,25
20220925094522,16,23
20220925094526,16,26
20220925094528,16,23
20220925094532,16,28
20220925094534,16,23
20220925094540,16,26
20220925094542,16,28
20220925094544,16,26
20220925094546,16,23
20220925094552,16,25
20220925094556,16,23
20220925094604,16,33
20220925094606,16,25
20220925094608,16,23
20220925094610,16,25
20220925094612,16,28
20220925094614,16,25
20220925094616,16,23
20220925094621,16,29
20220925094623,16,25
20220925094625,16,23
20220925094627,16,28
20220925094629,16,34
20220925094631,16,23
20220925094635,17,24
20220925094637,16,26
20220925094639,16,28
20220925094641,16,26
20220925094645,16,25
20220925094647,16,23
20220925094649,16,30
20220925094651,16,26
20220925094653,16,25
20220925094657,16,23
20220925094701,16,26
20220925094703,16,25
20220925094705,16,23
20220925094709,16,24
20220925094711,16,29
20220925094713,16,28
20220925094715,16,23
20220925094719,16,26
20220925094721,17,25
20220925094723,16,26
20220925094725,16,23
20220925094727,16,25
20220925094729,16,23
20220925094731,16,25
20220925094733,16,23
20220925094737,16,25
20220925094740,16,26
20220925094742,16,23
20220925094744,16,26
20220925094746,16,23
20220925094752,17,23
20220925094754,16,23
20220925094758,16,25
20220925094800,17,22
20220925094802,16,29
20220925094806,16,23
20220925094810,16,26
20220925094814,16,28
20220925094816,16,23
20220925094820,17,22
20220925094822,17,24
20220925094824,16,28
20220925094826,16,23
20220925094828,16,25
20220925094830,17,27
20220925094832,16,23
20220925094834,16,25
20220925094836,16,26
20220925094838,17,24
20220925094840,16,26
20220925094842,16,29
20220925094844,16,23
20220925094848,17,27
20220925094850,16,29
20220925094852,17,25
20220925094854,16,23
20220925094859,17,28
20220925094901,16,25
20220925094903,16,23
20220925094907,16,26
20220925094909,17,25
20220925094911,16,23
20220925094913,16,25
20220925094915,16,26
20220925094917,16,23
20220925094919,16,29
20220925094921,16,25
20220925094923,16,29
20220925094925,16,28
20220925094927,16,23
20220925094929,16,26
20220925094931,17,28
20220925094933,16,30
20220925094935,16,25
20220925094937,16,23
20220925094939,16,26
20220925094941,16,23
20220925094947,16,25
20220925094949,17,28
20220925094951,16,25
20220925094957,16,26
20220925094959,16,24
20220925095001,16,27
20220925095003,16,28
20220925095007,16,29
20220925095009,17,25
20220925095011,16,25
20220925095013,17,28
20220925095015,16,23
20220925095022,16,28
20220925095024,16,26
20220925095026,16,28
20220925095028,16,23
20220925095030,16,24
20220925095032,16,28
20220925095034,16,26
20220925095036,16,25
20220925095038,16,23
20220925095040,17,22
20220925095042,16,28
20220925095044,16,25
20220925095048,16,29
20220925095050,16,26
20220925095052,16,23
20220925095054,17,23
20220925095056,16,23
20220925095058,17,26
20220925095100,16,26
20220925095102,16,25
20220925095104,16,23
20220925095108,16,28
20220925095112,16,25
20220925095114,16,23
20220925095116,16,25
20220925095118,16,26
20220925095120,16,25
20220925095122,16,28
20220925095124,16,25
20220925095126,16,26
20220925095128,16,28
20220925095130,16,26
20220925095132,16,25
20220925095134,16,30
20220925095137,16,29
20220925095139,16,23
20220925095141,17,22
20220925095143,16,29
20220925095145,16,26
20220925095147,16,25
20220925095149,16,23
20220925095151,17,33
20220925095153,16,25
20220925095155,16,26
20220925095157,17,22
20220925095159,16,25
20220925095201,16,29
20220925095203,16,28
20220925095205,16,29
20220925095207,16,23
20220925095211,16,30
20220925095213,16,26
20220925095215,16,23
20220925095217,16,26
20220925095219,17,27
20220925095221,16,23
20220925095223,16,25
20220925095225,16,23
20220925095227,16,28
20220925095229,17,27
20220925095231,16,30
20220925095233,16,26
20220925095235,16,23
20220925095237,17,27
20220925095239,16,26
20220925095241,16,25
20220925095243,16,23
20220925095247,17,24
20220925095249,16,29
20220925095251,16,26
20220925095253,17,22
20220925095255,16,26
20220925095258,16,28
20220925095300,16,27
20220925095302,16,23
20220925095304,16,24
20220925095306,16,30
20220925095308,16,29
20220925095312,16,25
20220925095314,17,22
20220925095316,16,28
20220925095318,16,23
20220925095320,17,27
20220925095322,16,30
20220925095324,16,25
20220925095326,16,23
20220925095328,17,24
20220925095330,16,23
20220925095332,16,26
20220925095336,16,30
20220925095342,16,29
20220925095344,16,26
20220925095346,16,25
20220925095348,16,26
20220925095350,16,28
20220925095352,16,23
20220925095354,16,25
20220925095356,16,30
20220925095358,16,24
20220925095400,16,26
20220925095402,16,29
20220925095404,16,25
20220925095406,16,23
20220925095408,16,28
20220925095410,16,23
20220925095412,16,30
20220925095414,16,29
20220925095417,16,25
20220925095419,16,23
20220925095421,16,26
20220925095423,16,25
20220925095425,16,26
20220925095427,16,28
20220925095429,16,25
20220925095431,16,26
20220925095433,16,29
20220925095435,16,28
20220925095437,16,24
20220925095439,16,25
20220925095441,16,30
20220925095443,16,26
20220925095445,17,24
20220925095449,16,29
20220925095451,16,25
20220925095453,17,27
20220925095455,17,25
20220925095457,17,27
20220925095459,16,25
20220925095503,16,26
20220925095505,17,22
20220925095507,17,24
20220925095509,17,25
20220925095511,16,23
20220925095513,16,25
20220925095515,16,28
20220925095517,16,25
20220925095519,16,26
20220925095521,16,28
20220925095523,17,28
20220925095525,16,29
20220925095527,16,24
20220925095529,16,25
20220925095531,16,28
20220925095533,16,23
20220925095536,16,25
20220925095538,16,23
20220925095542,16,30
20220925095544,17,25
20220925095546,16,25
20220925095548,16,29
20220925095552,16,25
20220925095554,16,27
20220925095556,16,23
20220925095600,16,25
20220925095602,16,26
20220925095604,16,28
20220925095606,17,24
20220925095608,16,30
20220925095610,16,25
20220925095612,16,28
20220925095614,16,29
20220925095616,16,30
20220925095618,16,23
20220925095622,16,29
20220925095624,16,26
20220925095626,16,28
20220925095628,16,30
20220925095630,16,29
20220925095632,16,25
20220925095634,17,25
20220925095636,16,26
20220925095642,16,30
20220925095644,17,27
20220925095646,16,25
20220925095648,16,26
20220925095650,17,27
20220925095652,17,24
20220925095654,16,23
20220925095657,17,25
20220925095659,16,26
20220925095701,16,28
20220925095703,17,24
20220925095705,16,26
20220925095707,16,25
20220925095709,16,23
20220925095713,16,29
20220925095715,16,28
20220925095717,16,29
20220925095719,17,22
20220925095721,17,25
20220925095723,16,25
20220925095727,17,25
20220925095729,17,27
20220925095731,16,25
20220925095735,16,28
20220925095737,17,25
20220925095739,16,26
20220925095741,16,25
20220925095743,16,26
20220925095747,16,24
20220925095749,16,30
20220925095751,16,25
20220925095753,17,25
20220925095755,16,23
20220925095757,16,29
20220925095759,16,26
20220925095801,16,23
20220925095803,17,22
20220925095805,16,26
20220925095807,16,23
20220925095811,16,26
20220925095815,16,25
20220925095818,16,28
20220925095820,17,22
20220925095822,17,28
20220925095824,16,23
20220925095826,16,28
20220925095828,17,25
20220925095830,17,29
20220925095832,17,27
20220925095834,16,29
20220925095836,17,22
20220925095838,17,27
20220925095840,17,23
20220925095842,16,25
20220925095844,16,28
20220925095846,16,23
20220925095848,16,26
20220925095850,17,22
20220925095852,16,26
20220925095858,16,30
20220925095900,16,26
20220925095902,16,27
20220925095904,16,29
20220925095908,17,27
20220925095910,16,25
20220925095912,17,22
20220925095914,16,25
20220925095916,16,30
20220925095918,16,25
20220925095920,17,28
20220925095922,17,24
20220925095924,16,26
20220925095926,16,23
20220925095928,16,25
20220925095930,16,29
20220925095932,17,22
20220925095934,17,25
20220925095937,16,25
20220925095939,16,24
20220925095941,16,26
20220925095943,16,23
20220925095945,16,28
20220925095947,16,26
20220925095949,16,25
20220925095953,17,25
20220925095955,16,30
20220925095957,16,29
20220925095959,16,26
20220925100001,17,25
20220925100003,16,26
20220925100005,17,24
20220925100007,16,23
20220925100009,17,25
20220925100011,16,23
20220925100013,16,26
20220925100015,16,28
20220925100017,16,30
20220925100019,16,23
20220925100021,17,27
20220925100023,16,24
20220925100025,17,27
20220925100027,16,26
20220925100031,17,27
20220925100033,16,34
20220925100035,16,29
20220925100037,17,22
20220925100039,17,25
20220925100041,16,25
20220925100045,17,24
20220925100047,16,29
20220925100049,17,27
20220925100051,17,29
20220925100053,16,26
20220925100055,16,23
20220925100058,16,28
20220925100100,16,25
20220925100102,16,28
20220925100104,17,28
20220925100106,16,34
20220925100108,17,25
20220925100110,16,26
20220925100112,16,25
20220925100114,16,26
20220925100116,16,24
20220925100118,16,25
20220925100120,16,29
20220925100122,16,28
20220925100124,16,23
20220925100126,17,22
20220925100128,17,25
20220925100130,16,27
20220925100132,17,24
20220925100134,17,28
20220925100136,16,28
20220925100138,16,25
20220925100142,16,33
20220925100144,17,25
20220925100146,16,26
20220925100148,17,24
20220925100150,16,26
20220925100152,16,28
20220925100154,16,29
20220925100156,16,28
20220925100158,16,25
20220925100200,16,34
20220925100202,16,26
20220925100204,16,29
20220925100206,17,27
20220925100208,16,23
20220925100210,16,26
20220925100212,17,24
20220925100214,16,28
20220925100216,16,23
20220925100219,16,28
20220925100221,16,26
20220925100223,16,30
20220925100225,17,22
20220925100229,17,28
20220925100231,16,25
20220925100233,16,24
20220925100235,16,29
20220925100237,16,34
20220925100239,16,28
20220925100241,16,29
20220925100243,16,26
20220925100247,16,29
20220925100249,17,22
20220925100251,16,25
20220925100253,17,25
20220925100255,16,28
20220925100259,17,27
20220925100301,16,30
20220925100303,16,28
20220925100305,16,26
20220925100307,17,27
20220925100309,16,26
20220925100311,17,25
20220925100313,17,28
20220925100315,17,27
20220925100317,16,29
20220925100319,16,28
20220925100323,16,30
20220925100325,17,24
20220925100327,16,28
20220925100329,17,24
20220925100331,16,25
20220925100333,16,29
20220925100335,17,27
20220925100338,17,24
20220925100340,16,26
20220925100342,16,28
20220925100344,16,26
20220925100346,16,27
20220925100348,17,27
20220925100350,16,28
20220925100352,17,25
20220925100354,16,28
20220925100356,17,27
20220925100358,16,25
20220925100400,17,22
20220925100404,16,29
20220925100406,17,28
20220925100408,17,25
20220925100410,16,25
20220925100414,17,27
20220925100416,17,24
20220925100418,16,25
20220925100420,17,24
20220925100422,17,25
20220925100424,16,26
20220925100430,16,29
20220925100432,17,22
20220925100436,16,26
20220925100438,17,25
20220925100440,16,24
20220925100442,17,27
20220925100444,17,25
20220925100446,17,29
20220925100448,17,28
20220925100450,16,25
20220925100452,16,26
20220925100454,16,24
20220925100457,16,28
20220925100459,16,25
20220925100501,17,33
20220925100503,16,23
20220925100505,17,27
20220925100507,17,22
20220925100509,17,25
20220925100511,16,28
20220925100515,17,29
20220925100517,17,28
20220925100519,17,22
20220925100521,17,27
20220925100523,17,26
20220925100525,17,27
20220925100527,16,26
20220925100529,17,25
20220925100531,17,26
20220925100533,17,24
20220925100535,16,28
20220925100537,17,22
20220925100539,17,24
20220925100541,17,25
20220925100543,16,28
20220925100545,16,25
20220925100547,17,24
20220925100549,16,28
20220925100551,16,25
20220925100553,16,28
20220925100555,17,24
20220925100557,16,29
20220925100559,16,23
20220925100601,16,26
20220925100603,17,28
20220925100605,16,25
20220925100607,16,28
20220925100609,17,27
20220925100613,17,29
20220925100615,17,28
20220925100618,17,27
20220925100620,17,24
20220925100622,17,25
20220925100624,16,25
20220925100626,17,28
20220925100628,17,24
20220925100630,17,25
20220925100632,17,26
20220925100634,16,29
20220925100636,16,26
20220925100638,16,25
20220925100640,17,24
20220925100642,17,29
20220925100646,17,27
20220925100648,16,25
20220925100650,17,24
20220925100652,17,25
20220925100654,17,29
20220925100656,16,29
20220925100658,16,28
20220925100700,17,24
20220925100702,17,26
20220925100704,16,31
20220925100706,16,26
20220925100708,17,27
20220925100710,16,26
20220925100712,17,28
20220925100714,17,27
20220925100716,16,23
20220925100718,16,30
20220925100720,16,28
20220925100722,17,25
20220925100724,17,29
20220925100726,17,28
20220925100728,16,28
20220925100730,16,30
20220925100734,17,33
20220925100737,17,25
20220925100741,16,34
20220925100743,17,29
20220925100745,17,32
20220925100747,16,29
20220925100749,17,28
20220925100751,17,22
20220925100753,17,29
20220925100755,17,28
20220925100757,16,26
20220925100759,17,29
20220925100801,16,29
20220925100803,16,28
20220925100805,16,26
20220925100807,16,30
20220925100809,17,24
20220925100811,17,28
20220925100813,17,22
20220925100815,17,27
20220925100817,17,33
20220925100819,16,29
20220925100821,17,27
20220925100823,17,22
20220925100825,17,27
20220925100827,17,29
20220925100829,17,27
20220925100831,16,26
20220925100833,17,28
20220925100835,17,31
20220925100837,16,30
20220925100839,17,28
20220925100841,17,27
20220925100843,17,22
20220925100845,17,28
20220925100847,17,25
20220925100849,16,29
20220925100851,17,25
20220925100853,17,27
20220925100856,17,25
20220925100858,17,29
20220925100900,17,28
20220925100902,16,26
20220925100904,17,25
20220925100906,17,22
20220925100908,17,33
20220925100910,16,28
20220925100912,17,27
20220925100914,17,25
20220925100916,16,29
20220925100918,16,27
20220925100920,17,24
20220925100922,17,27
20220925100924,16,25
20220925100926,17,27
20220925100928,16,28
20220925100930,17,27
20220925100932,17,25
20220925100936,17,33
20220925100938,16,29
20220925100940,17,27
20220925100942,17,26
20220925100944,17,28
20220925100948,16,30
20220925100950,17,22
20220925100952,17,24
20220925100954,16,34
20220925100956,16,29
20220925100958,17,27
20220925101000,17,22
20220925101002,17,25
20220925101004,17,32
20220925101006,17,29
20220925101008,17,27
20220925101010,16,28
20220925101012,17,25
20220925101015,17,24
20220925101017,17,29
20220925101019,17,33
20220925101021,17,28
20220925101023,16,26
20220925101025,17,28
20220925101027,17,29
20220925101031,16,29
20220925101033,17,24
20220925101035,17,28
20220925101037,17,29
20220925101039,16,29
20220925101041,17,25
20220925101045,17,29
20220925101047,17,25
20220925101049,17,29
20220925101051,17,25
20220925101053,17,29
20220925101055,17,25
20220925101059,17,29
20220925101101,17,27
20220925101103,17,28
20220925101105,17,29
20220925101107,17,27
20220925101109,17,28
20220925101111,16,26
20220925101113,16,28
20220925101115,17,27
20220925101117,17,22
20220925101119,17,28
20220925101121,17,29
20220925101123,17,28
20220925101125,16,26
20220925101127,17,28
20220925101129,17,27
20220925101131,17,29
20220925101133,17,26
20220925101136,17,25
20220925101140,17,27
20220925101142,17,25
20220925101144,17,28
20220925101148,17,26
20220925101150,17,25
20220925101152,17,24
20220925101154,17,25
20220925101156,17,29
20220925101158,17,27
20220925101200,17,26
20220925101204,17,24
20220925101208,17,33
20220925101210,17,30
20220925101212,17,27
20220925101216,17,29
20220925101220,17,27
20220925101224,17,29
20220925101226,17,25
20220925101228,17,27
20220925101230,17,28
20220925101232,17,25
20220925101236,17,29
20220925101238,17,26
20220925101240,17,28
20220925101244,17,27
20220925101246,16,29
20220925101248,17,28
20220925101250,17,33
20220925101255,16,29
20220925101257,17,23
20220925101259,17,25
20220925101301,17,29
20220925101303,17,33
20220925101305,16,34
20220925101307,17,22
20220925101309,17,33
20220925101311,17,29
20220925101315,17,27
20220925101317,17,24
20220925101319,17,28
20220925101323,17,29
20220925101325,17,24
20220925101327,17,22
20220925101329,17,28
20220925101335,17,33
20220925101337,17,29
20220925101339,17,27
20220925101341,17,28
20220925101343,17,27
20220925101347,17,25
20220925101349,16,31
20220925101351,16,28
20220925101353,17,28
20220925101357,17,24
20220925101359,17,27
20220925101401,17,29
20220925101403,16,30
20220925101405,17,29
20220925101407,16,23
20220925101409,17,33
20220925101416,17,24
20220925101418,17,29
20220925101420,17,30
20220925101422,17,22
20220925101424,17,28
20220925101426,17,24
20220925101430,17,25
20220925101432,16,30
20220925101434,17,28
20220925101436,17,26
20220925101438,17,27
20220925101442,17,29
20220925101444,17,28
20220925101446,17,27
20220925101450,17,33
20220925101452,17,32
20220925101456,17,27
20220925101458,17,25
20220925101500,17,29
20220925101502,17,28
20220925101506,17,24
20220925101508,17,25
20220925101510,17,28
20220925101512,17,27
20220925101514,17,29
20220925101516,17,24
20220925101518,17,28
20220925101520,17,27
20220925101522,17,25
20220925101524,17,33
20220925101526,17,22
20220925101528,17,27
20220925101530,17,28
20220925101533,17,26
20220925101535,16,30
20220925101537,17,28
20220925101543,17,27
20220925101545,17,22
20220925101547,17,27
20220925101549,17,28
20220925101551,17,33
20220925101553,17,25
20220925101555,17,28
20220925101559,17,27
20220925101601,17,30
20220925101603,17,28
20220925101605,17,33
20220925101607,17,28
20220925101609,17,25
20220925101611,17,27
20220925101613,17,24
20220925101615,17,25
20220925101617,17,24
20220925101619,17,29
20220925101621,17,28
20220925101625,17,25
20220925101627,17,24
20220925101631,17,27
20220925101633,17,26
20220925101635,17,29
20220925101637,17,27
20220925101639,17,28
20220925101641,17,25
20220925101643,17,28
20220925101647,17,25
20220925101649,17,28
20220925101651,17,24
20220925101654,17,27
20220925101656,17,25
20220925101658,17,27
20220925101700,17,22
20220925101704,17,28
20220925101706,17,29
20220925101710,17,28
20220925101712,17,25
20220925101714,17,27
20220925101718,17,29
20220925101720,17,25
20220925101722,17,33
20220925101724,17,28
20220925101726,17,25
20220925101728,17,27
20220925101730,17,29
20220925101734,17,25
20220925101736,17,22
20220925101738,17,29
20220925101742,17,28
20220925101744,17,24
20220925101746,17,22
20220925101748,17,24
20220925101750,17,22
20220925101752,17,27
20220925101754,17,33
20220925101756,17,25
20220925101758,17,29
20220925101800,17,27
20220925101802,17,29
20220925101806,17,25
20220925101808,17,24
20220925101813,17,30
20220925101815,17,27
20220925101817,17,24
20220925101819,17,27
20220925101821,17,25
20220925101823,17,29
20220925101825,17,28
20220925101827,17,27
20220925101829,17,25
20220925101831,17,27
20220925101833,17,25
20220925101835,17,29
20220925101837,16,26
20220925101839,17,24
20220925101841,17,22
20220925101843,17,24
20220925101845,17,27
20220925101851,17,25
20220925101853,17,28
20220925101855,17,33
20220925101857,17,27
20220925101901,17,25
20220925101905,17,32
20220925101907,17,22
20220925101911,17,27
20220925101913,17,24
20220925101915,17,27
20220925101917,17,24
20220925101919,17,27
20220925101921,17,29
20220925101923,17,28
20220925101925,17,24
20220925101927,17,25
20220925101929,17,28
20220925101932,17,25
20220925101934,17,27
20220925101936,17,22
20220925101938,17,24
20220925101940,17,29
20220925101942,17,24
20220925101944,17,25
20220925101946,17,27
20220925101948,17,29
20220925101950,17,28
20220925101952,17,22
20220925101954,17,28
20220925101956,17,27
20220925101958,17,25
20220925102002,17,33
20220925102006,17,27
20220925102008,17,26
20220925102010,17,25
20220925102012,17,28
20220925102014,17,33
20220925102016,17,28
20220925102018,17,27
20220925102020,17,28
20220925102022,17,29
20220925102024,17,27
20220925102026,17,24
20220925102030,17,25
20220925102034,17,28
20220925102036,17,27
20220925102038,17,22
20220925102040,17,24
20220925102042,17,23
20220925102044,17,25
20220925102046,17,29
20220925102048,17,28
20220925102055,17,33
20220925102057,17,25
20220925102059,17,27
20220925102101,17,24
20220925102103,17,25
20220925102105,17,27
20220925102107,17,28
20220925102111,17,29
20220925102113,17,24
20220925102115,17,25
20220925102117,17,22
20220925102119,17,28
20220925102121,17,24
20220925102123,17,29
20220925102125,17,27
20220925102127,17,24
20220925102129,17,25
20220925102131,17,28
20220925102133,17,27
20220925102135,17,28
20220925102137,17,25
20220925102139,17,28
20220925102141,17,26
20220925102143,17,22
20220925102145,17,27
20220925102147,17,25
20220925102151,17,29
20220925102153,17,28
20220925102155,17,27
20220925102157,17,28
20220925102159,17,22
20220925102201,17,27
20220925102205,17,28
20220925102207,17,29
20220925102209,16,34
20220925102212,17,33
20220925102214,17,24
20220925102216,17,33
20220925102218,17,28
20220925102220,17,29
20220925102222,17,26
20220925102224,17,27
20220925102226,17,29
20220925102228,17,22
20220925102232,17,28
20220925102238,16,23
20220925102240,17,25
20220925102242,17,22
20220925102244,17,24
20220925102246,17,28
20220925102248,17,26
20220925102250,17,22
20220925102252,17,24
20220925102254,17,28
20220925102256,17,25
20220925102258,17,22
20220925102300,17,24
20220925102302,17,25
20220925102304,17,28
20220925102306,17,29
20220925102308,17,25
20220925102310,17,22
20220925102312,17,28
20220925102314,17,24
20220925102316,17,25
20220925102318,17,24
20220925102320,17,27
20220925102322,17,33
20220925102324,17,27
20220925102326,17,29
20220925102328,17,24
20220925102331,17,28
20220925102333,17,26
20220925102335,17,29
20220925102337,17,22
20220925102339,17,25
20220925102343,17,27
20220925102345,17,32
20220925102347,17,24
20220925102349,17,25
20220925102351,17,27
20220925102353,17,22
20220925102355,17,28
20220925102357,17,29
20220925102359,17,28
20220925102401,17,25
20220925102403,17,29
20220925102405,17,28
20220925102407,16,25
20220925102409,17,26
20220925102411,17,24
20220925102413,17,26
20220925102415,17,25
20220925102419,17,28
20220925102423,17,29
20220925102425,17,25
20220925102427,17,29
20220925102429,17,28
20220925102431,17,29
20220925102433,17,24
20220925102435,17,29
20220925102437,17,22
20220925102439,17,25
20220925102441,17,28
20220925102443,17,25
20220925102445,17,28
20220925102447,16,25
20220925102450,17,23
20220925102452,17,28
20220925102454,17,25
20220925102456,17,22
20220925102458,17,23
20220925102500,17,25
20220925102502,17,26
20220925102504,17,29
20220925102506,17,28
20220925102508,17,22
20220925102510,17,27
20220925102512,17,24
20220925102514,17,27
20220925102516,17,22
20220925102518,17,29
20220925102520,17,28
20220925102524,17,25
20220925102526,17,24
20220925102528,17,27
20220925102530,17,28
20220925102532,17,27
20220925102534,17,25
20220925102538,17,29
20220925102540,17,28
20220925102542,17,27
20220925102544,17,25
20220925102552,17,29
20220925102554,17,23
20220925102556,17,27
20220925102600,17,25
20220925102602,17,28
20220925102604,17,27
20220925102606,17,28
20220925102611,17,24
20220925102613,17,22
20220925102615,17,33
20220925102617,17,27
20220925102619,17,25
20220925102621,17,22
20220925102625,17,27
20220925102627,17,28
20220925102631,17,24
20220925102633,17,25
20220925102635,17,27
